12
0 100 5 100 2 100 100 100 100 100 100 100
2 0 5 100 1 100 100 100 100 100 100 100
100 100 0 2 100 1 100 100 100 100 100 100
100 100 100 0 100 100 1 100 100 100 100 100
100 100 100 100 0 5 100 100 3 100 100 100
1 3 100 100 100 0 100 100 100 1 100 100
100 100 2 100 100 3 0 5 100 100 2 100
100 100 100 3 100 100 100 0 100 100 100 2
100 100 100 100 100 1 100 100 0 3 100 100
100 100 100 100 100 100 100 100 100 0 5 1
100 100 100 100 100 100 100 100 100 100 0 100
100 100 100 100 100 100 7 100 100 100 2 0